node 0.6351631879806519 836 455 853 478
node 0.8078258037567139 614 657 632 675
node 0.8411616086959839 526 101 545 124
node 0.8625843524932861 1227 1161 1232 1166
node 0.8703351020812988 618 651 634 675
node 0.8737238049507141 521 121 544 134
node 0.8802968263626099 502 1158 519 1167
node 0.9098073840141296 614 245 621 256
node 0.944317638874054 91 567 107 583
node 0.9615996479988098 1096 1020 1109 1031
node 0.966528058052063 137 850 148 863
node 0.9681785702705383 91 544 98 549
node 0.9761752486228943 378 636 389 657
node 0.9805335998535156 532 697 545 718
node 0.980989396572113 635 645 651 667
node 0.9859530925750732 625 648 641 672
node 0.9861023426055908 93 815 102 826
node 0.9927164912223816 90 591 97 596
node 0.9928997755050659 94 886 99 891
node 0.9932424426078796 581 192 597 210
node 0.9955222606658936 1114 566 1121 571
node 0.9956862926483154 1276 360 1281 367
node 0.9963372945785522 238 1099 247 1104
node 0.9969895482063293 598 401 614 419
node 0.9970550537109375 559 215 576 224
node 0.9971398115158081 134 942 139 949
node 0.997229278087616 796 227 814 243
node 0.9979985356330872 355 409 360 416
node 0.9983201622962952 686 880 697 901
node 0.9984593391418457 1105 794 1112 801
node 0.9985499978065491 356 648 367 655
node 0.9986664056777954 1089 605 1102 626
node 0.9986962676048279 881 884 894 907
node 0.9987264275550842 834 425 839 430
node 0.9990583062171936 892 580 905 603
node 0.9991998076438904 741 159 760 174
node 0.9992324113845825 1052 436 1063 447
node 0.9993095397949219 392 955 405 964
node 0.9993535876274109 554 976 567 985
node 0.9995238780975342 1006 1096 1027 1107
node 0.9995419979095459 978 816 991 831
node 0.9995974898338318 88 835 101 842
node 0.9996057152748108 955 759 968 782
node 0.9996305704116821 1022 358 1027 363
node 0.9996557235717773 1095 389 1104 398
node 0.9996944665908813 730 206 749 221
node 0.9997286200523376 205 974 226 985
node 0.9997376799583435 541 865 558 874
node 0.9997640252113342 958 763 969 772
node 0.9997804760932922 296 716 313 735
node 0.9998251795768738 860 436 881 449
node 0.9998366832733154 797 356 810 373
node 0.999840497970581 469 1089 478 1094
node 0.999848484992981 143 767 156 790
node 0.9998552799224854 551 653 564 676
node 0.9998726844787598 1119 405 1134 422
node 0.9998774528503418 500 1069 519 1090
node 0.9998804330825806 511 934 532 947
node 0.9998862743377686 1114 594 1123 607
node 0.9998953342437744 1059 437 1080 450
node 0.9999021291732788 477 1038 488 1059
node 0.9999163150787354 500 1018 511 1027
node 0.9999266862869263 503 321 520 338
node 0.9999295473098755 881 181 888 188
node 0.9999305009841919 1069 898 1080 919
node 0.9999356269836426 460 767 477 784
node 0.9999358654022217 468 1053 487 1066
node 0.9999358654022217 739 369 744 374
node 0.9999392032623291 950 242 957 251
node 0.9999430179595947 647 218 660 229
node 0.9999443292617798 765 970 786 981
node 0.9999490976333618 689 274 694 281
node 0.9999505281448364 119 753 132 776
node 0.999956488609314 568 483 577 494
node 0.9999573230743408 1114 885 1135 896
node 0.9999579191207886 722 957 731 962
node 0.9999592304229736 556 1000 573 1009
node 0.9999622106552124 596 181 609 188
node 0.9999624490737915 876 505 893 514
node 0.9999635219573975 772 419 789 438
node 0.9999659061431885 984 1015 997 1038
node 0.9999667406082153 491 379 508 388
node 0.9999687671661377 1075 605 1092 624
node 0.9999690055847168 247 467 256 472
node 0.9999697208404541 924 276 947 289
node 0.9999719858169556 622 353 643 364
node 0.9999724626541138 362 932 375 947
node 0.9999736547470093 578 233 594 249
node 0.9999736547470093 926 1064 941 1073
node 0.9999741315841675 464 581 473 598
node 0.9999743700027466 877 529 900 544
node 0.9999750852584839 600 174 621 187
node 0.999975323677063 500 348 517 357
node 0.999976396560669 1086 663 1105 682
node 0.9999765157699585 996 355 1009 368
node 0.9999768733978271 483 402 494 409
node 0.9999783039093018 547 843 570 864
node 0.9999783039093018 781 1036 794 1053
node 0.9999785423278809 1017 728 1036 745
node 0.9999788999557495 399 402 410 411
node 0.9999793767929077 1095 925 1102 934
node 0.9999803304672241 968 1026 981 1037
node 0.9999812841415405 530 216 549 239
node 0.9999815225601196 414 427 429 442
node 0.9999817609786987 439 509 452 524
node 0.9999819993972778 721 161 738 178
node 0.9999823570251465 1107 1023 1112 1030
node 0.9999827146530151 158 733 173 754
node 0.9999833106994629 642 508 655 529
node 0.999983549118042 478 262 483 269
node 0.9999855756759644 87 854 104 863
node 0.9999856948852539 467 558 478 573
node 0.9999856948852539 623 265 644 276
node 0.9999858140945435 671 283 680 294
node 0.9999866485595703 124 813 143 836
node 0.9999871253967285 1113 991 1118 1000
node 0.9999876022338867 1059 703 1078 718
node 0.9999877214431763 857 224 874 233
node 0.9999878406524658 466 625 481 648
node 0.9999878406524658 706 204 715 219
node 0.9999887943267822 983 879 1000 892
node 0.9999889135360718 799 697 810 708
node 0.9999895095825195 133 749 148 766
node 0.9999904632568359 862 419 877 430
node 0.999990701675415 562 398 575 405
node 0.9999909400939941 716 283 737 294
node 0.9999911785125732 497 302 516 313
node 0.9999916553497314 837 203 852 214
node 0.9999920129776001 840 964 845 969
node 0.9999926090240479 843 229 852 242
node 0.999992847442627 122 736 131 743
node 0.9999929666519165 135 707 152 716
node 0.9999929666519165 139 798 160 809
node 0.999993085861206 434 611 449 622
node 0.9999934434890747 444 524 463 535
node 0.9999936819076538 591 255 610 278
node 0.9999939203262329 844 353 867 366
node 0.9999940395355225 509 280 530 291
node 0.999994158744812 102 841 117 856
node 0.9999942779541016 887 461 908 472
node 0.9999943971633911 903 543 926 560
node 0.9999945163726807 503 544 512 555
node 0.9999945163726807 742 280 765 293
node 0.9999945163726807 808 1062 825 1071
node 0.9999945163726807 1025 412 1042 421
node 0.9999945163726807 1049 888 1066 903
node 0.9999948740005493 919 459 938 476
node 0.9999951124191284 790 946 797 959
node 0.999995231628418 113 636 120 647
node 0.999995231628418 905 198 914 215
node 0.9999954700469971 477 1033 500 1050
node 0.9999955892562866 466 487 489 510
node 0.9999958276748657 1103 532 1120 549
node 0.9999959468841553 513 233 534 244
node 0.9999960660934448 292 421 311 438
node 0.9999961853027344 647 176 670 199
node 0.9999961853027344 922 144 941 159
node 0.999996542930603 126 494 147 505
node 0.9999966621398926 1013 975 1030 984
node 0.9999967813491821 552 515 569 526
node 0.9999970197677612 934 1022 955 1039
node 0.9999972581863403 639 175 662 192
node 0.9999972581863403 776 341 789 358
node 0.9999972581863403 1095 1101 1116 1112
node 0.9999974966049194 177 817 190 824
node 0.999997615814209 466 290 481 311
node 0.999997615814209 609 262 628 275
node 0.999997615814209 657 666 676 677
node 0.9999978542327881 905 997 916 1008
node 0.9999979734420776 103 674 126 691
node 0.9999982118606567 882 480 901 495
node 0.9999982118606567 1111 388 1128 405
node 0.9999983310699463 1084 490 1099 513
node 0.9999984502792358 102 -7 109 6
node 0.9999984502792358 501 487 524 500
node 0.9999984502792358 513 248 536 267
node 0.9999985694885254 411 384 434 397
node 0.9999985694885254 630 307 647 318
node 0.9999985694885254 674 183 697 196
node 0.9999985694885254 690 162 701 169
node 0.9999985694885254 888 435 911 448
node 0.9999985694885254 1046 368 1069 383
node 0.9999986886978149 702 191 723 202
node 0.9999988079071045 496 242 507 253
node 0.9999988079071045 518 440 537 451
node 0.999998927116394 125 927 140 936
node 0.999998927116394 590 494 607 503
node 0.9999990463256836 143 484 162 495
node 0.9999990463256836 146 932 169 945
node 0.9999990463256836 486 223 509 236
node 0.9999990463256836 1043 408 1060 419
node 0.9999991655349731 936 189 955 212
node 0.9999992847442627 439 924 456 935
node 0.9999992847442627 648 1009 663 1020
node 0.9999992847442627 875 1086 890 1103
node 0.9999994039535522 192 463 209 472
node 0.9999994039535522 898 1098 919 1117
node 0.9999995231628418 799 945 820 962
node 0.9999995231628418 1081 553 1096 562
node 0.9999996423721313 967 348 990 361
node 0.9999997615814209 188 830 203 841
node 0.9999997615814209 667 1135 682 1144
node 0.9999998807907104 106 650 125 661
node 0.9999998807907104 128 510 147 521
node 0.9999998807907104 185 410 202 419
node 0.9999998807907104 411 1104 428 1113
node 0.9999998807907104 413 399 434 410
node 0.9999998807907104 422 358 441 373
node 0.9999998807907104 907 150 926 161
node 0.9999998807907104 942 141 959 150
node 0.9999998807907104 1125 448 1146 459
node 1.0 665 687 686 698
node 1.0 723 135 744 146
node 1.0 977 784 992 793
