node 89 855 103 864
node 95 820 109 828
node 97 703 108 711
node 102 660 116 671
node 103 696 116 705
node 103 845 116 857
node 105 581 116 590
node 107 677 123 690
node 107 650 124 662
node 108 690 120 699
node 109 636 127 649
node 116 754 133 767
node 119 737 135 750
node 120 763 135 774
node 128 820 143 833
node 130 498 145 507
node 131 511 146 523
node 132 752 151 764
node 138 710 149 720
node 141 702 159 714
node 141 773 159 788
node 143 800 158 811
node 145 905 158 916
node 147 487 159 495
node 150 934 166 946
node 158 738 173 751
node 175 817 192 828
node 186 411 205 422
node 188 830 205 842
node 195 465 209 474
node 295 426 310 438
node 357 750 371 759
node 361 938 374 947
node 393 754 408 764
node 412 386 428 398
node 412 1103 428 1116
node 418 400 432 413
node 424 360 438 373
node 436 360 449 373
node 438 925 457 937
node 460 771 478 783
node 462 297 483 308
node 462 631 483 645
node 463 560 475 571
node 464 586 477 597
node 465 570 475 578
node 466 263 479 271
node 467 578 483 587
node 474 561 486 572
node 474 501 488 510
node 474 493 489 502
node 475 571 488 580
node 476 290 490 300
node 479 261 490 269
node 483 401 498 414
node 485 720 499 730
node 492 226 507 235
node 495 245 507 255
node 501 544 519 557
node 503 1073 521 1088
node 505 489 522 501
node 511 243 526 253
node 513 235 527 246
node 514 284 528 294
node 517 440 531 451
node 519 230 533 240
node 520 264 535 275
node 525 251 537 260
node 525 237 540 248
node 529 440 542 451
node 532 225 551 235
node 535 232 552 241
node 538 244 550 256
node 540 864 557 877
node 541 898 557 910
node 551 980 565 990
node 555 1002 571 1014
node 556 516 570 528
node 557 195 573 204
node 561 242 574 250
node 562 396 574 407
node 563 187 582 199
node 566 231 578 239
node 566 483 582 496
node 569 245 581 255
node 577 183 593 196
node 578 243 588 253
node 578 230 591 239
node 583 253 595 263
node 583 206 602 218
node 584 420 602 434
node 587 245 600 256
node 587 261 600 272
node 589 180 603 190
node 591 200 609 211
node 593 498 603 505
node 594 265 611 275
node 595 493 606 501
node 595 449 608 459
node 596 187 614 201
node 597 246 610 254
node 597 258 610 269
node 601 175 617 188
node 613 264 624 274
node 617 258 631 270
node 619 234 634 244
node 620 268 632 279
node 623 240 636 250
node 623 248 645 262
node 624 202 640 213
node 624 351 641 365
node 625 260 638 270
node 627 312 643 320
node 631 305 646 314
node 633 260 649 271
node 634 274 648 286
node 638 227 652 236
node 638 645 653 659
node 641 281 658 293
node 643 178 658 191
node 643 514 658 527
node 645 218 658 228
node 650 1009 661 1017
node 650 1014 662 1020
node 652 236 664 245
node 652 270 666 281
node 653 222 667 232
node 653 182 669 195
node 653 213 669 222
node 656 282 675 297
node 658 663 676 676
node 659 228 671 237
node 660 480 671 491
node 661 454 673 464
node 661 671 678 684
node 663 234 676 243
node 666 243 680 255
node 667 366 682 376
node 669 688 685 700
node 670 1136 682 1145
node 670 283 685 297
node 679 355 692 366
node 680 183 694 194
node 690 162 700 171
node 701 285 712 294
node 703 210 712 219
node 704 191 723 204
node 708 207 720 216
node 720 167 732 176
node 721 281 735 292
node 724 1040 735 1050
node 724 289 738 299
node 728 136 742 148
node 728 372 743 382
node 733 1039 746 1050
node 734 207 747 217
node 736 365 751 374
node 740 370 751 381
node 742 388 758 399
node 744 1081 756 1091
node 751 284 762 293
node 759 330 775 342
node 760 1034 776 1046
node 762 294 773 304
node 762 384 780 399
node 766 418 781 429
node 767 970 783 984
node 768 1054 783 1067
node 769 300 781 309
node 774 424 789 437
node 776 345 792 357
node 778 302 792 314
node 778 1041 793 1052
node 784 946 805 959
node 796 928 809 937
node 797 360 814 373
node 801 949 819 962
node 811 1061 827 1072
node 812 303 825 313
node 814 241 828 251
node 837 203 855 216
node 838 963 852 974
node 842 229 857 242
node 848 355 864 367
node 857 225 867 233
node 857 232 869 242
node 857 1075 871 1085
node 859 419 874 428
node 861 271 876 282
node 862 341 876 352
node 863 438 879 450
node 867 424 880 434
node 868 1075 881 1084
node 875 1092 889 1103
node 879 505 892 517
node 884 534 897 544
node 886 484 901 495
node 891 463 905 473
node 895 247 908 256
node 895 440 908 449
node 897 436 909 444
node 898 205 911 213
node 900 332 912 341
node 902 1099 916 1110
node 904 1000 918 1010
node 904 1109 918 1117
node 906 200 920 210
node 906 236 924 249
node 907 253 922 265
node 909 545 921 555
node 910 150 923 161
node 911 550 925 560
node 912 308 930 322
node 913 208 924 217
node 920 150 932 160
node 922 324 936 335
node 922 464 938 474
node 925 183 937 192
node 928 146 943 157
node 928 1063 943 1075
node 929 197 942 208
node 929 278 945 290
node 938 191 954 201
node 938 1025 954 1035
node 940 200 954 211
node 942 142 958 151
node 943 242 962 254
node 951 203 963 212
node 960 266 975 277
node 969 1029 982 1038
node 972 350 989 361
node 977 258 990 268
node 977 783 993 794
node 985 1020 997 1030
node 985 883 1000 893
node 994 965 1008 974
node 998 973 1011 982
node 998 357 1013 367
node 1007 732 1019 742
node 1017 974 1030 984
node 1029 410 1040 419
node 1029 417 1044 426
node 1031 426 1046 436
node 1037 592 1050 601
node 1045 410 1057 419
node 1049 375 1065 385
node 1050 887 1068 902
node 1051 368 1068 379
node 1053 409 1064 416
node 1062 706 1077 718
node 1068 437 1081 448
node 1071 903 1084 913
node 1076 1102 1090 1111
node 1078 612 1092 622
node 1082 552 1096 563
node 1083 498 1099 509
node 1087 1021 1101 1032
node 1089 668 1105 679
node 1091 1015 1105 1027
node 1093 923 1108 934
node 1094 1032 1106 1044
node 1096 932 1108 940
node 1098 580 1109 590
node 1100 1103 1115 1114
node 1102 532 1119 545
node 1103 1021 1118 1033
node 1109 539 1126 551
node 1110 568 1126 579
node 1111 940 1124 949
node 1113 392 1128 404
node 1114 949 1124 957
node 1114 601 1127 610
node 1114 559 1129 570
node 1115 596 1127 605
node 1120 409 1135 420
node 1127 449 1144 460
